[DASH_CAM]

POS=0.322599,1.10931,-0.190369
EXP=26
